e raf_corpo_out.csv
[∞FCEA] ~ $ nano raf_corpo_cipher_v4.py
[∞FCEA] ~ $ python raf_corpo_cipher_v4.py --demo
=== RAFAELIA CORPO CIPHER v4 ===
Fib Classic : [1, 1, 2, 3, 5, 8, 13, 21, 34, 55]
Fib Rafael#1: [1, 2, 4, 8, 16, 32, 64, 128, 256, 512]
Fib Rafael#2: [633825300114114700748351602688, 316912650057057350374175801344, 158456325028528675187087900672, 79228162514264337593543950336, 39614081257132168796771975168, 19807040628566084398385987584, 9903520314283042199192993792, 4951760157141521099596496896, 2475880078570760549798248448, 1237940039285380274899124224]

Matriz 3×3 (corpo):
↖ ↑ ↗
← ●(cabeça) →
↙ ↓ ↘

=== MANDALA 10×10 HÍBRIDA (símbolo+sequências) ===
✦1|1|633825300114114700748351602688  🦷1|2|316912650057057350374175801344  🦷2|4|158456325028528675187087900672  🦷3|8|79228162514264337593543950336  🦷5|16|39614081257132168796771975168  🦷8|32|19807040628566084398385987584  🦷13|64|9903520314283042199192993792  🦷21|128|4951760157141521099596496896  🦷34|256|2475880078570760549798248448  ◆55|512|1237940039285380274899124224
🦷89|1024|618970019642690137449562112  ✦144|2048|309485009821345068724781056  233|4096|154742504910672534362390528  377|8192|77371252455336267181195264  610|16384|38685626227668133590597632  987|32768|19342813113834066795298816  1597|65536|9671406556917033397649408  2584|131072|4835703278458516698824704  ◆4181|262144|2417851639229258349412352  🦷6765|524288|1208925819614629174706176
🦷10946|1048576|604462909807314587353088  17711|2097152|302231454903657293676544  ✦28657|4194304|151115727451828646838272  46368|8388608|75557863725914323419136  75025|16777216|37778931862957161709568  121393|33554432|18889465931478580854784  196418|67108864|9444732965739290427392  ◆317811|134217728|4722366482869645213696  514229|268435456|2361183241434822606848  🦷832040|536870912|1180591620717411303424
🦷1346269|1073741824|590295810358705651712  2178309|2147483648|295147905179352825856  3524578|4294967296|147573952589676412928  ✦5702887|8589934592|73786976294838206464  9227465|17179869184|36893488147419103232  14930352|34359738368|18446744073709551616  ◆24157817|68719476736|9223372036854775808  39088169|137438953472|4611686018427387904  63245986|274877906944|2305843009213693952  🦷102334155|549755813888|1152921504606846976
🦷165580141|1099511627776|576460752303423488  267914296|2199023255552|288230376151711744  433494437|4398046511104|144115188075855872  701408733|8796093022208|72057594037927936  ✦1134903170|17592186044416|36028797018963968  ◆1836311903|35184372088832|18014398509481984  2971215073|70368744177664|9007199254740992  4807526976|140737488355328|4503599627370496  7778742049|281474976710656|2251799813685248  🦷12586269025|562949953421312|1125899906842624
🦷20365011074|1125899906842624|562949953421312  32951280099|2251799813685248|281474976710656  53316291173|4503599627370496|140737488355328  86267571272|9007199254740992|70368744177664  ◆139583862445|18014398509481984|35184372088832  👅225851433717|36028797018963968|17592186044416  365435296162|72057594037927936|8796093022208  591286729879|144115188075855872|4398046511104  956722026041|288230376151711744|2199023255552  🦷1548008755920|576460752303423488|1099511627776
🦷2504730781961|1152921504606846976|549755813888  4052739537881|2305843009213693952|274877906944  6557470319842|4611686018427387904|137438953472  ◆10610209857723|9223372036854775808|68719476736  17167680177565|18446744073709551616|34359738368  27777890035288|36893488147419103232|17179869184  ✦44945570212853|73786976294838206464|8589934592  72723460248141|147573952589676412928|4294967296  117669030460994|295147905179352825856|2147483648  🦷190392490709135|590295810358705651712|1073741824
🦷308061521170129|1180591620717411303424|536870912  498454011879264|2361183241434822606848|268435456  ◆806515533049393|4722366482869645213696|134217728  1304969544928657|9444732965739290427392|67108864  2111485077978050|18889465931478580854784|33554432  3416454622906707|37778931862957161709568|16777216  5527939700884757|75557863725914323419136|8388608  ✦8944394323791464|151115727451828646838272|4194304  14472334024676221|302231454903657293676544|2097152  🦷23416728348467685|604462909807314587353088|1048576
🦷37889062373143906|1208925819614629174706176|524288  ◆61305790721611591|2417851639229258349412352|262144  99194853094755497|4835703278458516698824704|131072  160500643816367088|9671406556917033397649408|65536  259695496911122585|19342813113834066795298816|32768  420196140727489673|38685626227668133590597632|16384  679891637638612258|77371252455336267181195264|8192  1100087778366101931|154742504910672534362390528|4096  ✦1779979416004714189|309485009821345068724781056|2048  🦷2880067194370816120|618970019642690137449562112|1024
◆4660046610375530309|1237940039285380274899124224|512  🦷7540113804746346429|2475880078570760549798248448|256  🦷12200160415121876738|4951760157141521099596496896|128  🦷19740274219868223167|9903520314283042199192993792|64  🦷31940434634990099905|19807040628566084398385987584|32  🦷51680708854858323072|39614081257132168796771975168|16  🦷83621143489848422977|79228162514264337593543950336|8  🦷135301852344706746049|158456325028528675187087900672|4  🦷218922995834555169026|316912650057057350374175801344|2  ✦354224848179261915075|633825300114114700748351602688|1
===================================================

→ Exportado em raf_corpo_out_v4.json e raf_corpo_out_v4.csv
[∞FCEA] ~ $