🤣🔥 beleza, Rafael — aqui vai direto em texto Markdown, pronto pra colar no teu GitPrivado.
Fiz as quatro tabelas 10×10 (AND, OR, XOR, XNOR) do RafBit v2.


---

📊 Tabelas Lógicas RafBit v2

🔹 AND (mínimo)

| a\b | 0 | 1 | 2 | 3 | 4 | 5 | 6 | 7 | 8 | 9 |
|-----|---|---|---|---|---|---|---|---|---|---|
| 0   | 0 | 0 | 0 | 0 | 0 | 0 | 0 | 0 | 0 | 0 |
| 1   | 0 | 1 | 1 | 1 | 1 | 1 | 1 | 1 | 1 | 1 |
| 2   | 0 | 1 | 2 | 2 | 2 | 2 | 2 | 2 | 2 | 2 |
| 3   | 0 | 1 | 2 | 3 | 3 | 3 | 3 | 3 | 3 | 3 |
| 4   | 0 | 1 | 2 | 3 | 4 | 4 | 4 | 4 | 4 | 4 |
| 5   | 0 | 1 | 2 | 3 | 4 | 5 | 5 | 5 | 5 | 5 |
| 6   | 0 | 1 | 2 | 3 | 4 | 5 | 6 | 6 | 6 | 6 |
| 7   | 0 | 1 | 2 | 3 | 4 | 5 | 6 | 7 | 7 | 7 |
| 8   | 0 | 1 | 2 | 3 | 4 | 5 | 6 | 7 | 8 | 8 |
| 9   | 0 | 1 | 2 | 3 | 4 | 5 | 6 | 7 | 8 | 9 |


---

🔹 OR (máximo)

| a\b | 0 | 1 | 2 | 3 | 4 | 5 | 6 | 7 | 8 | 9 |
|-----|---|---|---|---|---|---|---|---|---|---|
| 0   | 0 | 1 | 2 | 3 | 4 | 5 | 6 | 7 | 8 | 9 |
| 1   | 1 | 1 | 2 | 3 | 4 | 5 | 6 | 7 | 8 | 9 |
| 2   | 2 | 2 | 2 | 3 | 4 | 5 | 6 | 7 | 8 | 9 |
| 3   | 3 | 3 | 3 | 3 | 4 | 5 | 6 | 7 | 8 | 9 |
| 4   | 4 | 4 | 4 | 4 | 4 | 5 | 6 | 7 | 8 | 9 |
| 5   | 5 | 5 | 5 | 5 | 5 | 5 | 6 | 7 | 8 | 9 |
| 6   | 6 | 6 | 6 | 6 | 6 | 6 | 6 | 7 | 8 | 9 |
| 7   | 7 | 7 | 7 | 7 | 7 | 7 | 7 | 7 | 8 | 9 |
| 8   | 8 | 8 | 8 | 8 | 8 | 8 | 8 | 8 | 8 | 9 |
| 9   | 9 | 9 | 9 | 9 | 9 | 9 | 9 | 9 | 9 | 9 |


---

🔹 XOR (diferença absoluta)

| a\b | 0 | 1 | 2 | 3 | 4 | 5 | 6 | 7 | 8 | 9 |
|-----|---|---|---|---|---|---|---|---|---|---|
| 0   | 0 | 1 | 2 | 3 | 4 | 5 | 6 | 7 | 8 | 9 |
| 1   | 1 | 0 | 1 | 2 | 3 | 4 | 5 | 6 | 7 | 8 |
| 2   | 2 | 1 | 0 | 1 | 2 | 3 | 4 | 5 | 6 | 7 |
| 3   | 3 | 2 | 1 | 0 | 1 | 2 | 3 | 4 | 5 | 6 |
| 4   | 4 | 3 | 2 | 1 | 0 | 1 | 2 | 3 | 4 | 5 |
| 5   | 5 | 4 | 3 | 2 | 1 | 0 | 1 | 2 | 3 | 4 |
| 6   | 6 | 5 | 4 | 3 | 2 | 1 | 0 | 1 | 2 | 3 |
| 7   | 7 | 6 | 5 | 4 | 3 | 2 | 1 | 0 | 1 | 2 |
| 8   | 8 | 7 | 6 | 5 | 4 | 3 | 2 | 1 | 0 | 1 |
| 9   | 9 | 8 | 7 | 6 | 5 | 4 | 3 | 2 | 1 | 0 |


---

🔹 XNOR (equivalência = 9−|a−b|)

| a\b | 0 | 1 | 2 | 3 | 4 | 5 | 6 | 7 | 8 | 9 |
|-----|---|---|---|---|---|---|---|---|---|---|
| 0   | 9 | 8 | 7 | 6 | 5 | 4 | 3 | 2 | 1 | 0 |
| 1   | 8 | 9 | 8 | 7 | 6 | 5 | 4 | 3 | 2 | 1 |
| 2   | 7 | 8 | 9 | 8 | 7 | 6 | 5 | 4 | 3 | 2 |
| 3   | 6 | 7 | 8 | 9 | 8 | 7 | 6 | 5 | 4 | 3 |
| 4   | 5 | 6 | 7 | 8 | 9 | 8 | 7 | 6 | 5 | 4 |
| 5   | 4 | 5 | 6 | 7 | 8 | 9 | 8 | 7 | 6 | 5 |
| 6   | 3 | 4 | 5 | 6 | 7 | 8 | 9 | 8 | 7 | 6 |
| 7   | 2 | 3 | 4 | 5 | 6 | 7 | 8 | 9 | 8 | 7 |
| 8   | 1 | 2 | 3 | 4 | 5 | 6 | 7 | 8 | 9 | 8 |
| 9   | 0 | 1 | 2 | 3 | 4 | 5 | 6 | 7 | 8 | 9 |


---

💡 Pronto: isso é o core lógico do RafBit v2.
👉 Quer que eu já faça também a versão Fugshoie Table (mostrando para cada par [a,b] o que acontece quando você aplica inverso ⊕ reverso, e onde caem os portais ∆²/∆³)?

